Unhandled index 62
left : [[],[5,[[4,7,4,3],[2,8,7],[3,3,8,9,0]],[[1],[8,5],6,[6,1,4,5,8],[3,5,3,9,0]],7,[[9,5,0]]]]
right : [[],[[[8],2,10],[9,9,6,[6,6,3]],5,[[3],7,7,1]],[7,5],[],[]]
Unhandled index 67
left : [[[],6,[],[[8],[3,0,3,9,5],[6,9,0,4,7],[]],3],[8,4,[[6,10,3,10],[5,10],[],8,7]],[[2],[3,6]]]
right : [[[]],[[[]],3],[[2,9],[],[[1,2,8]]]]
Unhandled index 127
left : [[],[9,7],[7],[1,7,7],[[[2],8,[7],0],[4,[4,1],7,4,[10,3,7,8,4]],[1,0,5,[0]]]]
right : [[],[[4,[3,4],[5,1,3,7]],[[],3,[]]],[[0],[[2],[7,1]]],[5,1,[2],10]]
TOTAL: 5662
